function He = Hess_Powell(x)

He=[22 , 20 , 0   , -20 ;
    20 , 202, -4  , 0   ;
    0  , -4 , 58  , -100;
    -20, 0  , -100, 220 ;];
end